402
407
261
378
939
383
285
261
376
445
395
317
933
339
435
267
337
590
323
265
687
891
828
933
385
328
939
358
394
261
370
939
511
295
929
519
933
291
519
285
399
511
295
929
269
317
285
618
933
339
619
267
311
542
269
336
939
313
953
287
342
939
359
946
930
618
933
917
811
382
470
565
484
13
948
286
542
336
939
313
962
289
946
920
564
444
939
317
933
886
700
470
565
269
626
364
566
917
568
280
276
314
412
317
285
393
269
424
267
268
266
335
261
370
529
918
353
311
536
331
933
339
799
314
266
373
265
511
295
929
519
269
265
511
295
929
519
933
